12
42
72
73
74
75
76
77
81
82
83
84
85
86
93
125
159
328
329
363
366
370
373
380
421
429
448
457
620
731
736
805
807
810
815
816
817
821
822
823
825
826
827
828
834
836
837
839
840
843
847
848
849
856
857
873
881
882
889
891
894
895
896
899
900
905
913
927
940
943
985
996
997
998
1000
1008
1009
1010
1020
1021
1028
1029
1030
1053
1059
1060
1061
1077
1085
1091
1092
1093
1094
1095
1096
1116
1117
1121
1122
1149
1150
1152
1158
1159
1160
1168
1169
1170
1172
1173
1174
1175
1176
1179
1188
1189
1190
1253
1256
1271
1277
1279
1280
1281
1282
1283
1497
1601
1655
1680
1681
1743
1752
1780
1794
1826
1839
1862
1895
1940
2145
2154
2165
2175
2176
2177
2221
2222
2465
12
42
72
73
74
75
76
77
81
82
83
84
85
86
93
125
159
328
329
363
366
370
373
380
421
429
448
457
620
731
736
805
807
810
815
816
817
821
822
823
825
826
827
828
834
836
837
839
840
843
847
848
849
856
857
873
881
882
889
891
894
895
896
899
900
905
913
927
940
943
985
996
997
998
1000
1008
1009
1010
1020
1021
1028
1029
1030
1053
1059
1060
1061
1077
1085
1091
1092
1093
1094
1095
1096
1116
1117
1121
1122
1149
1150
1152
1158
1159
1160
1168
1169
1170
1172
1173
1174
1175
1176
1179
1188
1189
1190
1253
1256
1271
1277
1279
1280
1281
1282
1283
1497
1601
1655
1680
1681
1743
1752
1780
1794
1826
1839
1862
1895
1940
2145
2154
2165
2175
2176
2177
2221
2222
2465
